14131133
14131133
816707
103683628
813993
59323683
7710464
17104580
4825878
470254
17421500
6612037
13794099
6612037
128105117
6782856
7545604
14419013
21656418
6010072
38448658
12421950
41870340
3489639
2263257
625893
19992750
13314641
31365766
13314641
31365766
129974787
39502582
39502582
13314641
15843440
13314641
22
64463122
9514342
64463122
14816073
149805745
6851270
5772606
36493211
31605887
5547807
18949864
27931987
4819231
5027333
134321625
7152942
1736278
5782337
3878527
55027541
2417661
26511516
10306281
50415872
31758319
148712704
148712704
21740233
28202035
46681100
29044012
31677319
21218298
142904803
20502096
3557735
29344335
4212169
63155475
6834696
142904803
148571838
63155475
8663049
18687409
2263257
143468219
17215547
989477
17215547
14128610
1581240
129974787
13103076
13103076
5715740
86083632
5715740
3557735
17215547
5388165
10236397
4767813
11796680
19740518
39717190
15403297
44850465
832218
8525116
124258692
435374
1748986
13578857
18892505
110131544
9453952
21915109
18158926
470254
107704293
20451195
15403297
133794063
16983319
17961982
120568178
1359248
3792993
17961982
2993684
14132706
109436116
109436116
35615973
20451195
20451195
27630392
149887910
2407359
3359948
31051269
31051269
1728921
4365068
122188322
1728921
16755874
2614029
2462911
20492380
109646537
7629133
50153060
10179527
6851270
138674588
3292112
128610258
25165737
37402080
3884155
10306281
19980240
3884155
10306281
3884155
4139670
97342555
2664764
2664764
7179515
7179515
28280066
1719000
7702050
14561360
14917990
15061089
13538891
86083632
1222942
2462911
10423651
1222942
35158888
14861591
3360283
106252500
7295717
4155976
1770908
1770908
1222942
3469372
57535749
25132285
56704757
26226717
1222942
